1016001
1016009
1016012
1016026
1016038
1016042
1016057
1016077
1016093
1016094
1016117
1016120
1016122
1016130
1016216
1016227
1016249
1016256
1016259
1016271
1016276
1016322
1016368
1016374
1016405
1016414
1016419
1016444
1016450
1016458
1016469
1016495
1016569
1016599
1016606
1016630
1016638
1016650
1016652
1016654
1016675
1016745
1016746
1016795
1016808
1016823
1016829
1016869
1016900
1016905
1016920
1016963
1016980
1016997
1017041
1017046
1017065
1017087
1017090
1017105
1017108
1017125
1017132
1017163
1017181
1017245
1017317
1017321
1017322
1017334
1017342
1017346
1017365
1017380
1017403
1017423
1017424
1017437
1017470
1017483
1017491
1017563
1017567
1017569
1017574
1017599
1017641
1017674
1017675
1017705
1017714
1017715
1017727
1017729
1017730
1017731
1017741
1017753
1017808
1017811
1017845
1017888
1017922
1017923
1017950
1017976
1018007
1018010
1018016
1018022
1018024
1018069
1018071
1018077
1018086
1018113
1018117
1018139
1018155
1018194
1018200
1018221
1018240
1018272
1018274
1018281
1018286
1018326
1018374
1018380
1018394
1018404
1018407
1018413
1018416
1018434
1018440
1018457
1018496
1018515
1018529
1018571
1018580
1018585
1018586
1018623
1018673
1018675
1018722
1018724
1018733
1018734
1018775
1018777
1018780
1018785
1018836
1018859
1018873
1018900
1018947
1019023
1019037
1019102
1019109
1019111
1019176
1019181
1019202
1019211
1019234
1019237
1019241
1019250
1019251
1019252
1019269
1019284
1019285
1019341
1019351
1019356
1019361
1019467
1019475
1019506
1019511
1019537
1019563
1019564
1019592
1019635
1019671
1019703
1019708
1019744
1019750
1019808
1019825
1019849
1019850
1019851
1019852
1019853
1019856
1019857
1019915
1019986
1020020
1020039
1020065
1020082
1020098
1020108
1020111
1020120
1020134
1020172
1020173
1020180
1020211
1020215
1020253
1020262
1020297
1020325
1020349
1020356
1020359
1020360
1020381
1020382
1020388
1020393
1020395
1020396
1020430
1020432
1020496
1020516
1020622
1020639
1020645
1020647
1020753
1020754
1020760
1020783
1020788
1020796
1020826
1020843
1020848
1020849
1020850
1020897
1020903
1020951
1020973
1020974
1020975
1020977
1021014
1021023
1021051
1021077
1021086
1021114
1021115
1021116
1021117
1021120
1021124
1021125
1021126
1021127
1021152
1021161
1021163
1021164
1021175
1021189
1021210
1021229
1021284
1021324
1021325
1021344
1021375
1021394
1021395
1021396
1021397
1021401
1021427
1021428
1021454
1021457
1021500
1021587
1021609
1021669
1021689
1021715
1021725
1021746
1021747
1021756
1021775
1021791
1021796
1021845
1021850
1021865
1021914
1021942
1021976
1022001
1022049
1022090
1022130
1022135
1022238
1022267
1022270
1022298
1022352
1022354
1022356
1022373
1022392
1022413
1022428
1022455
1022492
1022514
1022567
1022581
1022587
1022603
1022614
1022619
1022766
1022816
1022863
1022919
1022934
1022967
1022984
1023026
1023063
1023088
1023091
1023119
1023159
1023243
1023260
1023296
1023305
1023338
1023339
1023376
1023430
1023441
1023492
1023540
1023579
1023590
1023604
1023618
1023635
1023636
1023645
1023675
1023738
1023759
1023763
1023765
1023817
1023824
1023878
1023885
1023926
1023969
1024105
1024139
1024158
1024179
1024203
1024221
1024242
1024278
1024293
1024311
1024360
1024403
1024415
1024418
1024420
1024429
1024433
1024458
1024541
1024543
1024561
1024578
1024619
1024657
1024704
1024756
1024766
1024810
1024868
1024896
1024900
1024903
1024994
1025002
1025008
1025045
1025046
1025053
1025065
1025067
1025104
1025105
1025196
1025205
1025229
1025283
1025290
1025296
1025329
1025398
1025471
1025480
1025510
1025544
1025585
1025599
1025607
1025646
1025651
1025664
1025675
1025689
1025733
1025752
1025761
1025770
1025821
1025903
1025914
1025924
1025955
1025965
1025976
1025992
1026003
1026023
1026043
1026051
1026054
1026101
1026139
1026147
1026180
1026181
1026186
1026244
1026258
1026267
1026282
1026290
1026314
1026325
1026349
1026352
1026366
1026386
1026392
1026406
1026414
1026422
1026438
1026448
1026461
1026487
1026530
1026594
1026629
1026641
1026644
1026651
1026663
1026671
1026690
1026731
1026733
1026749
1026877
1026943
1027010
1027022
1027030
1027081
1027083
1027109
1027139
1027146
1027161
1027178
1027188
1027189
1027242
1027255
1027292
1027335
1027339
1027342
1027419
1027422
1027449
1027463
1027474
1027495
1027496
1027518
1027519
1027536
1027551
1027574
1027643
1027692
1027696
1027699
1027724
1027731
1027734
1027746
1027748
1027769
1027775
1027776
1027813
1027834
1027838
1027881
1027912
1027924
1027926
1027950
1027966
1027997
1028050
1028106
1028136
1028192
1028209
1028217
1028218
1028231
1028293
1028317
1028354
1028429
1028434
1028440
1028444
1028458
1028460
1028538
1028539
1028550
1028616
1028619
1028760
1028794
1028832
1028835
1028900
1028950
1028987
1029035
1029059
1029063
1029082
1029182
1029207
1029278
1029286
1029306
1029325
1029331
1029349
1029380
1029385
1029472
1029570
1029595
1029656
1029719
1029726
1029731
1029769
1029787
1029795
1029810
1029945
1029992
1030014
1030034
1030068
1030111
1030151
1030176
1030222
1030254
1030316
1030332
1030363
1030367
1030394
1030480
1030494
1030499
1030598
1030640
1030760
1030782
1030807
1030820
1030860
1030861
1030862
1030895
1030917
1030920
1030933
1030937
1030951
1030967
1030969
1030978
1030999
1031018
1031027
1031142
1031163
1031182
1031229
1031248
1031276
1031318
1031330
1031355
1031364
1031417
1031450
1031494
1031512
1031527
1031544
1031548
1031554
1031573
1031580
1031587
1031657
1031664
1031685
1031707
1031726
1031770
1031788
1031794
1031828
1031859
1031877
1031896
1031921
1031924
1031952
1031997
1032061
1032100
1032101
1032107
1032135
1032151
1032154
1032178
1032208
1032236
1032244
1032252
1032259
1032269
1032340
1032385
1032407
1032433
1032442
1032466
1032522
1032568
1032589
1032603
1032632
1032709
1032711
1032768
1032798
1032817
1032831
1032837
1032854
1032863
1032883
1032966
1032997
1033001
1033048
1033067
1033068
1033083
1033087
1033113
1033166
1033221
1033306
1033413
1033443
1033460
1033476
1033489
1033494
1033528
1033530
1033642
1033661
1033662
1033676
1033688
1033742
1033755
1033786
1033806
1033819
1033824
1033826
1033855
1033893
1033900
1033957
1033969
1034006
1034046
1034061
1034125
1034128
1034144
1034162
1034214
1034238
1034241
1034250
1034287
1034310
1034328
1034340
1034362
1034367
1034371
1034443
1034478
1034491
1034496
1034512
1034541
1034564
1034584
1034607
1034634
1034646
1034664
1034700
1034740
1034742
1034744
1034822
1034838
1034845
1034892
1034904
1034934
1034955
1034964
1034984
1035011
1035014
1035052
1035065
1035087
1035133
1035145
1035168
1035237
1035246
1035307
1035338
1035354
1035356
1035426
1035439
1035450
1035468
1035469
1035487
1035541
1035548
1035550
1035572
1035613
1035676
1035711
1035726
1035740
1035809
1035842
1035857
1035905
1035908
1035935
1035982
1036015
1036019
1036123
1036141
1036164
1036245
1036267
1036316
1036324
1036340
1036369
1036377
1036379
1036422
1036491
1036500
1036540
1036551
1036593
1036611
1036644
1036666
1036680
1036704
1036717
1036738
1036742
1036778
1036804
1036821
1036827
1036890
1036975
1036988
1037014
1037017
1037030
1037053
1037058
1037107
1037113
1037116
1037135
1037144
1037174
1037186
1037192
1037227
1037228
1037234
1037261
1037293
1037315
1037379
1037386
1037401
1037441
1037447
1037514
1037559
1037605
1037645
1037663
1037707
1037766
1037780
1037876
1037906
1037971
1038017
1038121
1038160
1038167
1038171
1038226
1038240
1038278
1038285
1038312
1038332
1038335
1038337
1038350
1038394
1038404
1038416
1038418
1038423
1038442
1038443
1038448
1038484
1038515
1038531
1038565
1038566
1038567
1038573
1038615
1038636
1038675
1038712
1038719
1038752
1038767
1038771
1038778
1038861
1038923
1038953
1039027
1039036
1039037
1039049
1039071
1039123
1039142
1039148
1039170
1039191
1039238
1039247
1039272
1039279
1039308
1039321
1039325
1039335
1039340
1039347
1039361
1039378
1039404
1039405
1039425
1039441
1039498
1039511
1039565
1039591
1039594
1039597
1039621
1039663
1039673
1039674
1039676
1039706
1039711
1039736
1039766
1039779
1039835
1039877
1039888
1039893
1039900
1039947
1039967
1040049
1040103
1040151
1040245
1040301
1040306
1040308
1040370
1040412
1040454
1040486
1040524
1040536
1040553
1040588
1040605
1040635
1040688
1040707
1040745
1040764
1040785
1040806
1040918
1040927
1040939
1040964
1040996
1041008
1041011
1041024
1041072
1041083
1041141
1041169
1041185
1041226
1041258
1041284
1041311
1041318
1041335
1041356
1041384
1041393
1041408
1041436
1041502
1041505
1041514
1041530
1041545
1041546
1041547
1041561
1041564
1041574
1041576
1041588
1041592
1041601
1041602
1041618
1041660
1041663
1041676
1041686
1041761
1041793
1041804
1041805
1041835
1041845
1041858
1041859
1041868
1041930
1041958
1041959
1041966
1041985
1042007
1042030
1042032
1042047
1042070
1042093
1042207
1042223
1042225
1042243
1042262
1042282
1042293
1042352
1042353
1042363
1042369
1042372
1042397
1042440
1042506
1042557
1042563
1042580
1042593
1042600
1042701
1042710
1042727
1042760
1042771
1042778
1042780
1042789
1042836
1042855
1042873
1042875
1042907
1042914
1042950
1042964
1042996
1043001
1043002
1043014
1043127
1043128
1043129
1043141
1043152
1043154
1043188
1043213
1043223
1043256
1043262
1043301
1043330
1043348
1043373
1043378
1043443
1043444
1043447
1043453
1043465
1043480
1043531
1043543
1043552
1043556
1043565
1043574
1043608
1043610
1043612
1043616
1043740
1043767
1043791
1043796
1043814
1043847
1043869
1043903
1044094
1044100
1044107
1044111
1044126
1044136
1044152
1044176
1044222
1044247
1044285
1044286
1044328
1044339
1044399
1044467
1044484
1044535
1044537
1044550
1044567
1044569
1044604
1044616
1044632
1044635
1044637
1044677
1044726
1044748
1044751
1044769
1044802
1044826
1044868
1044891
1044901
1044906
1044908
1044923
1044961
1044968
1044988
1044989
1044997
1045020
1045074
1045197
1045208
1045232
1045234
1045279
1045320
1045409
1045416
1045427
1045430
1045448
1045462
1045463
1045486
1045497
1045500
1045580
1045650
1045674
1045686
1045692
1045701
1045704
1045752
1045753
1045785
1045805
1045832
1045860
1045923
1045933
1045944
1045999
1046010
1046035
1046063
1046068
1046116
1046346
1046355
1046436
1046485
1046597
1046601
1046608
1046630
1046636
1046662
1046702
1046709
1046794
1046856
1046890
1046891
1046898
1046900
1046973
1047051
1047209
1047417
1047442
1047451
1047471
1047476
1047478
1047483
1047484
1047533
1047545
1047556
1047557
1047597
1047669
1047675
1047728
1047729
1047746
1047753
1047761
1047782
1047795
1047865
1047908
1047920
1047997
1048008
1048017
1048056
1048102
1048143
1048183
1048233
1048235
1048251
1048290
1048357
1048361
1048386
1048388
1048400
1048401
1048405
1048417
1048424
1048446
1048480
1048509
1048554
1048590
1048601
1048625
1048677
1048704
1048750
1048761
1048766
1048821
1048828
1048833
1048852
1048900
1048903
1048916
1048937
1048938
1048942
1048947
1048955
1048956
1048964
1048972
1048988
1048995
1049019
1049031
1049032
1049039
1049067
1049068
1049073
1049102
1049116
1049118
1049120
1049143
1049161
1049216
1049227
1049307
1049332
1049383
1049389
1049406
1049412
1049420
1049421
1049430
1049457
1049476
1049488
1049499
1049508
1049511
1049592
1049597
1049600
1049601
1049645
1049670
1049685
1049767
1049774
1049777
1049788
1049795
1049801
1049842
1049849
1049854
1049961
1049968
1049972
1049973
1049998
1050004
1050024
1050075
1050091
1050143
1050166
1050171
1050181
1050214
1050237
1050277
1050283
1050363
1050401
1050413
1050426
1050438
1050444
1050460
1050464
1050481
1050490
1050500
1050612
1050628
1050648
1050668
1050671
1050715
1050718
1050789
1050810
1051000
1051006
1051044
1051089
1051132
1051142
1051154
1051164
1051179
1051211
1051221
1051356
1051406
1051414
1051463
1051477
1051491
1051505
1051580
1051582
1051626
1051631
1051656
1051689
1051722
1051737
1051758
1051769
1051785
1051808
1051810
1051854
1051857
1051860
1051867
1051873
1051896
1051904
1051938
1051949
1051965
1051983
1052038
1052041
1052130
1052147
1052207
1052215
1052229
1052252
1052256
1052261
1052267
1052274
1052280
1052282
1052320
1052335
1052354
1052372
1052401
1052403
1052404
1052432
1052440
1052464
1052506
1052510
1052528
1052533
1052556
1052571
1052572
1052603
1052610
1052633
1052635
1052637
1052656
1052723
1052804
1052831
1052843
1052858
1052871
1052872
1052890
1052892
1052893
1052903
1052905
1052926
1052935
1052966
1052974
1053003
1053032
1053039
1053041
1053048
1053049
1053054
1053076
1053077
1053083
1053100
1053116
1053133
1053150
1053155
1053185
1053194
1053201
1053224
1053240
1053277
1053280
1053301
1053313
1053342
1053345
1053347
1053362
1053404
1053416
1053421
1053425
1053439
1053461
1053474
1053488
1053492
1053525
1053541
1053558
1053562
1053612
1053614
1053640
1053661
1053679
1053692
1053696
1053711
1053741
1053769
1053777
1053801
1053807
1053816
1053835
1053842
1053846
1053847
1053857
1053859
1053882
1053918
1053922
1053942
1053961
1053969
1053973
1053989
1053994
1054017
1054035
1054043
1054052
1054055
1054105
1054119
1054126
1054132
1054139
1054171
1054190
1054191
1054192
1054194
1054202
1054203
1054211
1054212
1054214
1054263
1054270
1054275
1054305
1054337
1054387
1054400
1054401
1054434
1054441
1054523
1054681
1054684
1054690
1054719
1054732
1054764
1054778
1054840
1054850
1054872
1054913
1054923
1054949
1054960
1054964
1054966
1054973
1054977
1055000
1055017
1055028
1055029
1055040
1055044
1055051
1055063
1055116
1055123
1055196
1055219
1055228
1055264
1055283
1055313
1055315
1055320
1055338
1055343
1055359
1055367
1055374
1055388
1055420
1055428
1055432
1055467
1055473
1055474
1055493
1055506
1055524
1055526
1055552
1055599
1055605
1055620
1055633
1055634
1055657
1055670
1055689
1055691
1055701
1055709
1055718
1055734
1055737
1055790
1055805
1055806
1055862
1055875
1055903
1055979
1055991
1056001
1056013
1056018
1056034
1056065
1056100
1056104
1056118
1056125
1056174
1056176
1056186
1056213
1056221
1056224
1056249
1056280
1056330
1056343
1056372
1056373
1056418
1056539
1056597
1056599
1056627
1056638
1056658
1056659
1056705
1056716
1056734
1056737
1056761
1056870
1056880
1056911
1056973
1056976
1056999
1057024
1057073
1057172
1057181
1057189
1057190
1057191
1057224
1057233
1057247
1057256
1057285
1057301
1057332
1057333
1057334
1057342
1057343
1057353
1057357
1057358
1057364
1057378
1057390
1057393
1057409
1057414
1057433
1057478
1057479
1057484
1057493
1057497
1057500
1057502
1057516
1057528
1057550
1057606
1057611
1057613
1057633
1057641
1057657
1057662
1057700
1057702
1057784
1057837
1057838
1057864
1057867
1057868
1057890
1057912
1057919
1057932
1057961
1057973
1057989
1058027
1058042
1058054
1058067
1058084
1058123
1058131
1058140
1058196
1058198
1058212
1058213
1058228
1058244
1058295
1058315
1058323
1058357
1058367
1058393
1058404
1058462
1058463
1058481
1058487
1058497
1058501
1058534
1058543
1058566
1058574
1058579
1058596
1058631
1058656
1058687
1058698
1058717
1058727
1058771
1058792
1058837
1058940
1058951
1058956
1058958
1058975
1059001
1059021
1059092
1059117
1059118
1059137
1059179
1059184
1059228
1059238
1059265
1059297
1059298
1059305
1059312
1059334
1059345
1059347
1059355
1059400
1059450
1059509
1059522
1059566
1059575
1059583
1059597
1059600
1059605
1059627
1059633
1059662
1059664
1059670
1059681
1059691
1059695
1059696
1059697
1059714
1059716
1059740
1059743
1059768
1059796
1059843
1059867
1059869
1059870
1059873
1059874
1059876
1059879
1059891
1059908
1059922
1059963
1059987
1060007
1060015
1060048
1060113
1060116
1060119
1060132
1060133
1060147
1060159
1060223
1060316
1060372
1060375
1060408
1060409
1060413
1060446
1060463
1060532
1060550
1060552
1060567
1060625
1060686
1060694
1060698
1060705
1060719
1060747
1060748
1060783
1060812
1060815
1060842
1060843
1060905
1060925
1060942
1060947
1060952
1060988
1060989
1060998
1061000
1061001
1061020
1061022
1061059
1061073
1061082
1061109
1061131
1061140
1061178
1061198
1061274
1061282
1061320
1061327
1061369
1061382
1061383
1061395
1061410
1061452
1061478
1061510
1061527
1061538
1061595
1061598
1061599
1061601
1061606
1061618
1061637
1061638
1061666
1061679
1061687
1061708
1061750
1061767
1061773
1061782
1061828
1061833
1061852
1061867
1061897
1061901
1061928
1061977
1061982
1061983
1062037
1062039
1062068
1062069
1062076
1062081
1062122
1062123
1062171
1062177
1062180
1062212
1062219
1062235
1062244
1062255
1062258
1062278
1062289
1062295
1062296
1062301
1062304
1062321
1062325
1062326
1062352
1062376
1062382
1062444
1062454
1062501
1062535
1062550
1062551
1062553
1062561
1062572
1062578
1062588
1062596
1062634
1062653
1062655
1062684
1062693
1062705
1062728
1062732
1062797
1062805
1062837
1062918
1062942
1062954
1062964
1062968
1062996
1063052
1063071
1063079
1063084
1063093
1063115
1063126
1063130
1063137
1063177
1063183
1063190
1063241
1063271
1063291
1063297
1063312
1063331
1063337
1063339
1063351
1063357
1063364
1063367
1063413
1063428
1063443
1063450
1063457
1063481
1063500
1063503
1063522
1063552
1063596
1063629
1063630
1063644
1063689
1063715
1063732
1063737
1063743
1063762
1063781
1063840
1063861
1063876
1063886
1063938
1064027
1064034
1064036
1064060
1064068
1064084
1064087
1064106
1064125
1064161
1064174
1064194
1064214
1064248
1064270
1064297
1064351
1064386
1064431
1064483
1064494
1064531
1064535
1064536
1064538
1064544
1064545
1064556
1064628
1064637
1064689
1064693
1064753
1064771
1064774
1064786
1064796
1064818
1064820
1064821
1064834
1064853
1064899
1064943
1064958
1064962
1064963
1064989
1064996
1065002
1065008
1065019
1065046
1065050
1065070
1065213
1065324
1065330
1065353
1065376
1065463
1065476
1065486
1065548
1065643
1065645
1065693
1065702
1065737
1065786
1065789
1065815
1065826
1065850
1065863
1065937
1065945
1065989
1065996
1066005
1066070
1066072
1066110
1066126
1066179
1066218
1066233
1066251
1066284
1066294
1066308
1066338
1066339
1066387
1066410
1066429
1066444
1066446
1066447
1066482
1066497
1066499
1066500
1066535
1066540
1066560
1066563
1066578
1066587
1066588
1066637
1066649
1066680
1066685
1066709
1066714
1066736
1066750
1066764
1066841
1066873
1066884
1066910
1067004
1067061
1067098
1067148
1067165
1067178
1067202
1067209
1067227
1067265
1067290
1067327
1067329
1067354
1067359
1067383
1067384
1067388
1067433
1067436
1067481
1067502
1067522
1067537
1067564
1067567
1067578
1067586
1067590
1067610
1067621
1067633
1067639
1067693
1067698
1067723
1067725
1067800
1067820
1067870
1067871
1067890
1067893
1067947
1067975
1067993
1068014
1068077
1068118
1068140
1068152
1068157
1068158
1068169
1068210
1068262
1068271
1068295
1068324
1068353
1068381
1068398
1068400
1068407
1068445
1068457
1068459
1068471
1068481
1068490
1068491
1068503
1068515
1068559
1068564
1068565
1068590
1068631
1068646
1068647
1068648
1068656
1068659
1068665
1068670
1068696
1068703
1068707
1068716
1068740
1068746
1068747
1068748
1068759
1068781
1068795
1068799
1068800
1068883
1068902
1068913
1068944
1068952
1068963
1068975
1068985
1069034
1069053
1069102
1069118
1069121
1069128
1069133
1069146
1069157
1069203
1069207
1069209
1069238
1069248
1069252
1069364
1069386
1069401
1069405
1069411
1069435
1069436
1069472
1069494
1069500
1069524
1069531
1069574
1069584
1069595
1069609
1069632
1069691
1069707
1069751
1069758
1069807
1069845
1069848
1069852
1069870
1069919
1069992
1070016
1070059
1070075
1070116
1070117
1070119
1070121
1070143
1070172
1070188
1070205
1070208
1070233
1070255
1070300
1070302
1070319
1070337
1070350
1070399
1070400
1070410
1070429
1070436
1070448
1070449
1070453
1070454
1070456
1070466
1070482
1070523
1070524
1070545
1070546
1070559
1070562
1070565
1070576
1070577
1070614
1070633
1070648
1070651
1070667
1070668
1070682
1070684
1070694
1070727
1070741
1070763
1070766
1070770
1070805
1070809
1070869
1070886
1070909
1070935
1070942
1070945
1070957
1070960
1070963
1071000
1071044
1071092
1071095
1071105
1071121
1071138
1071147
1071166
1071215
1071217
1071273
1071307
1071334
1071353
1071383
1071390
1071396
1071423
1071433
1071457
1071484
1071487
1071490
1071500
1071515
1071526
1071551
1071563
1071598
1071611
1071653
1071672
1071688
1071693
1071701
1071703
1071707
1071711
1071736
1071797
1071851
1071886
1071899
1071927
1071930
1071934
1071943
1071962
1071970
1072043
1072060
1072064
1072068
1072074
1072108
1072109
1072130
1072143
1072147
1072156
1072163
1072223
1072243
1072256
1072296
1072394
1072395
1072423
1072425
1072448
1072478
1072528
1072560
1072571
1072573
1072584
1072586
1072587
1072592
1072610
1072619
1072660
1072675
1072699
1072717
1072723
1072731
1072748
1072771
1072784
1072861
1072878
1072883
1072892
1072905
1073010
1073024
1073041
1073072
1073085
1073118
1073126
1073136
1073160
1073171
1073213
1073222
1073234
1073276
1073281
1073287
1073302
1073337
1073343
1073344
1073383
1073421
1073479
1073496
1073497
1073520
1073550
1073570
1073661
1073701
1073725
1073791
1073795
1073840
1073850
1073851
1073854
1073875
1073888
1073985
1074024
1074060
1074063
1074064
1074066
1074067
1074073
1074118
1074164
1074172
1074198
1074240
1074241
1074259
1074311
1074319
1074371
1074389
1074391
1074397
1074423
1074456
1074474
1074476
1074479
1074486
1074533
1074539
1074546
1074553
1074614
1074631
1074633
1074660
1074663
1074689
1074759
1074764
1074776
1074794
1074800
1074840
1074877
1074881
1074886
1074923
1074926
1074928
1074929
1074930
1074931
1074932
1074934
1074940
1074941
1074944
1074954
1074961
1074962
1074979
1074980
1074981
1074995
1075029
1075056
1075081
1075114
1075132
1075136
1075143
1075156
1075171
1075182
1075186
1075271
1075299
1075338
1075367
1075371
1075372
1075376
1075386
1075414
1075428
1075465
1075473
1075478
1075493
1075496
1075499
1075510
1075556
1075565
1075581
1075590
1075610
1075626
1075642
1075658
1075673
1075684
1075685
1075687
1075691
1075720
1075727
1075781
1075799
1075871
1075884
1075907
1075911
1075913
1075926
1075950
1075968
1075969
1075986
1076013
1076068
1076122
1076133
1076139
1076143
1076152
1076188
1076205
1076229
1076240
1076242
1076266
1076278
1076308
1076310
1076353
1076354
1076359
1076364
1076385
1076387
1076408
1076413
1076419
1076423
1076437
1076456
1076480
1076503
1076518
1076522
1076532
1076570
1076571
1076584
1076587
1076605
1076684
1076685
1076699
1076716
1076718
1076736
1076740
1076805
1076830
1076870
1076928
1076933
1076965
1076987
1077007
1077016
1077025
1077060
1077063
1077077
1077093
1077113
1077140
1077153
1077164
1077183
1077209
1077227
1077231
1077245
1077253
1077266
1077290
1077321
1077353
1077365
1077386
1077447
1077451
1077454
1077470
1077486
1077550
1077574
1077644
1077662
1077709
1077717
1077740
1077779
1077782
1077791
1077816
1077837
1077843
1077871
1077904
1077940
1077958
1077963
1078056
1078181
1078192
1078203
1078222
1078242
1078279
1078294
1078296
1078300
1078333
1078342
1078349
1078351
1078354
1078366
1078402
1078419
1078426
1078477
1078493
1078507
1078553
1078555
1078568
1078656
1078672
1078771
1078774
1078789
1078801
1078904
1078964
1078967
1078974
1079002
1079009
1079056
1079061
1079080
1079084
1079098
1079154
1079157
1079197
1079207
1079216
1079219
1079244
1079259
1079260
1079261
1079265
1079318
1079348
1079353
1079355
1079373
1079384
1079405
1079421
1079428
1079453
1079456
1079459
1079463
1079485
1079488
